Dropout Momentum MSE
0.1 0.1 390.697
0.1 0.2 417.654
0.1 0.3 406.203
0.1 0.4 389.328
0.1 0.5 394.766
0.1 0.6 410.442
0.1 0.7 409.99
0.1 0.8 403.822
0.1 0.9 401.774
0.2 0.1 450.979
0.2 0.2 487.867
0.2 0.3 509.521
0.2 0.4 499.469
0.2 0.5 474.797
0.2 0.6 463.078
0.2 0.7 564.118
0.2 0.8 505.791
0.2 0.9 514.407
0.3 0.1 587.18
0.3 0.2 637.475
0.3 0.3 623.789
0.3 0.4 668.254
0.3 0.5 607.226
0.3 0.6 599.416
0.3 0.7 652.337
0.3 0.8 592.043
0.3 0.9 688.07
0.4 0.1 1008.218
0.4 0.2 1002.5
0.4 0.3 851.934
0.4 0.4 972.348
0.4 0.5 942.774
0.4 0.6 970.122
0.4 0.7 911.943
0.4 0.8 1074.2
0.4 0.9 879.405
0.5 0.1 1633.151
0.5 0.2 1359.921
0.5 0.3 1500.359
0.5 0.4 1384.61
0.5 0.5 1665.14
0.5 0.6 1324.772
0.5 0.7 1598.781
0.5 0.8 1449.913
0.5 0.9 1898.995
0.6 0.1 2596.108
0.6 0.2 3133.1
0.6 0.3 3260.528
0.6 0.4 2382.993
0.6 0.5 2586.437
0.6 0.6 2177.724
0.6 0.7 2806.72
0.6 0.8 2981.55
0.6 0.9 2549.126
0.7 0.1 5213.4
0.7 0.2 5301.169
0.7 0.3 5140.685
0.7 0.4 5923.113
0.7 0.5 5120.522
0.7 0.6 4972.279
0.7 0.7 4920.655
0.7 0.8 4344.25
0.7 0.9 3962.085
0.8 0.1 10874.491
0.8 0.2 11968.489
0.8 0.3 9983.471
0.8 0.4 12037.346
0.8 0.5 11037.188
0.8 0.6 12679.93
0.8 0.7 12468.367
0.8 0.8 12097.678
0.8 0.9 10872.258
0.9 0.1 30521.604
0.9 0.2 38181.832
0.9 0.3 34820.158
0.9 0.4 39002.449
0.9 0.5 38259.467
0.9 0.6 33892.679
0.9 0.7 36355.256
0.9 0.8 35446.953
0.9 0.9 31072.259
