Dropout Momentum MSE
0.1 0.1 386.959
0.1 0.2 379.759
0.1 0.3 385.091
0.1 0.4 380.201
0.1 0.5 381.056
0.1 0.6 382.134
0.1 0.7 381.181
0.1 0.8 378.992
0.1 0.9 386.238
0.2 0.1 416.815
0.2 0.2 418.296
0.2 0.3 408.764
0.2 0.4 412.746
0.2 0.5 424.267
0.2 0.6 405.374
0.2 0.7 422.134
0.2 0.8 421.914
0.2 0.9 411.178
0.3 0.1 459.053
0.3 0.2 471.618
0.3 0.3 493.832
0.3 0.4 448.478
0.3 0.5 447.827
0.3 0.6 435.955
0.3 0.7 460.581
0.3 0.8 460.212
0.3 0.9 448.96
0.4 0.1 552.139
0.4 0.2 529.597
0.4 0.3 566.194
0.4 0.4 602.629
0.4 0.5 512.39
0.4 0.6 568.847
0.4 0.7 552.414
0.4 0.8 587.8
0.4 0.9 540.73
0.5 0.1 725.969
0.5 0.2 685.154
0.5 0.3 658.895
0.5 0.4 769.132
0.5 0.5 655.466
0.5 0.6 688.835
0.5 0.7 685.43
0.5 0.8 691.864
0.5 0.9 733.6
0.6 0.1 940.842
0.6 0.2 1039.778
0.6 0.3 1163.427
0.6 0.4 1128.002
0.6 0.5 1030.543
0.6 0.6 883.759
0.6 0.7 1042.054
0.6 0.8 958.919
0.6 0.9 1124.365
0.7 0.1 1508.618
0.7 0.2 1694.816
0.7 0.3 1765.072
0.7 0.4 1631.302
0.7 0.5 1785.231
0.7 0.6 1708.708
0.7 0.7 1531.999
0.7 0.8 1914.254
0.7 0.9 1734.343
0.8 0.1 3415.817
0.8 0.2 3525.726
0.8 0.3 3644.358
0.8 0.4 3428.265
0.8 0.5 3585.18
0.8 0.6 4003.286
0.8 0.7 3823.768
0.8 0.8 3410.013
0.8 0.9 3584.025
0.9 0.1 12646.36
0.9 0.2 12515.621
0.9 0.3 12344.685
0.9 0.4 10659.481
0.9 0.5 11453.348
0.9 0.6 11373.187
0.9 0.7 11850.526
0.9 0.8 12306.331
0.9 0.9 12384.057
