Dropout Momentum R2
0.1 0.1 0.993
0.1 0.2 0.993
0.1 0.3 0.993
0.1 0.4 0.993
0.1 0.5 0.993
0.1 0.6 0.993
0.1 0.7 0.993
0.1 0.8 0.993
0.1 0.9 0.993
0.2 0.1 0.993
0.2 0.2 0.992
0.2 0.3 0.992
0.2 0.4 0.992
0.2 0.5 0.992
0.2 0.6 0.992
0.2 0.7 0.992
0.2 0.8 0.993
0.2 0.9 0.993
0.3 0.1 0.992
0.3 0.2 0.992
0.3 0.3 0.992
0.3 0.4 0.991
0.3 0.5 0.992
0.3 0.6 0.992
0.3 0.7 0.992
0.3 0.8 0.992
0.3 0.9 0.992
0.4 0.1 0.991
0.4 0.2 0.991
0.4 0.3 0.991
0.4 0.4 0.99
0.4 0.5 0.991
0.4 0.6 0.991
0.4 0.7 0.991
0.4 0.8 0.991
0.4 0.9 0.99
0.5 0.1 0.988
0.5 0.2 0.99
0.5 0.3 0.99
0.5 0.4 0.989
0.5 0.5 0.989
0.5 0.6 0.99
0.5 0.7 0.988
0.5 0.8 0.99
0.5 0.9 0.989
0.6 0.1 0.985
0.6 0.2 0.986
0.6 0.3 0.986
0.6 0.4 0.986
0.6 0.5 0.987
0.6 0.6 0.987
0.6 0.7 0.985
0.6 0.8 0.985
0.6 0.9 0.987
0.7 0.1 0.983
0.7 0.2 0.982
0.7 0.3 0.98
0.7 0.4 0.983
0.7 0.5 0.979
0.7 0.6 0.979
0.7 0.7 0.982
0.7 0.8 0.98
0.7 0.9 0.981
0.8 0.1 0.964
0.8 0.2 0.968
0.8 0.3 0.961
0.8 0.4 0.959
0.8 0.5 0.962
0.8 0.6 0.963
0.8 0.7 0.962
0.8 0.8 0.959
0.8 0.9 0.962
0.9 0.1 0.86
0.9 0.2 0.879
0.9 0.3 0.884
0.9 0.4 0.854
0.9 0.5 0.876
0.9 0.6 0.866
0.9 0.7 0.861
0.9 0.8 0.885
0.9 0.9 0.873
