Dropout Momentum MSE
0.1 0.1 363.513
0.1 0.2 369.99
0.1 0.3 377.35
0.1 0.4 370.685
0.1 0.5 376.864
0.1 0.6 367.614
0.1 0.7 361.981
0.1 0.8 366.59
0.1 0.9 364.385
0.2 0.1 377.101
0.2 0.2 400.451
0.2 0.3 393.152
0.2 0.4 394.825
0.2 0.5 388.958
0.2 0.6 392.301
0.2 0.7 391.72
0.2 0.8 388.699
0.2 0.9 385.455
0.3 0.1 425.074
0.3 0.2 392.967
0.3 0.3 411.124
0.3 0.4 441.254
0.3 0.5 415.181
0.3 0.6 429.976
0.3 0.7 423.206
0.3 0.8 435.042
0.3 0.9 430.606
0.4 0.1 458.201
0.4 0.2 475.985
0.4 0.3 459.343
0.4 0.4 495.568
0.4 0.5 455.164
0.4 0.6 457.786
0.4 0.7 485.658
0.4 0.8 483.541
0.4 0.9 498.948
0.5 0.1 601.922
0.5 0.2 510.214
0.5 0.3 516.907
0.5 0.4 589.711
0.5 0.5 576.696
0.5 0.6 523.707
0.5 0.7 603.169
0.5 0.8 531.059
0.5 0.9 569.507
0.6 0.1 769.726
0.6 0.2 708.491
0.6 0.3 729.133
0.6 0.4 710.113
0.6 0.5 658.29
0.6 0.6 650.626
0.6 0.7 780.145
0.6 0.8 765.357
0.6 0.9 649.645
0.7 0.1 895.561
0.7 0.2 906.728
0.7 0.3 1048.318
0.7 0.4 895.488
0.7 0.5 1064.633
0.7 0.6 1088.642
0.7 0.7 939.181
0.7 0.8 1022.456
0.7 0.9 969.414
0.8 0.1 1853.849
0.8 0.2 1663.658
0.8 0.3 2010.146
0.8 0.4 2137.62
0.8 0.5 1990.245
0.8 0.6 1902.382
0.8 0.7 1942.785
0.8 0.8 2121.891
0.8 0.9 1991.1
0.9 0.1 7235.474
0.9 0.2 6264.131
0.9 0.3 6005.69
0.9 0.4 7551.295
0.9 0.5 6428.653
0.9 0.6 6945.06
0.9 0.7 7145.89
0.9 0.8 5957.863
0.9 0.9 6578.678
