Dropout Momentum R2
0.1 0.1 0.992
0.1 0.2 0.992
0.1 0.3 0.992
0.1 0.4 0.992
0.1 0.5 0.992
0.1 0.6 0.992
0.1 0.7 0.992
0.1 0.8 0.992
0.1 0.9 0.992
0.2 0.1 0.991
0.2 0.2 0.991
0.2 0.3 0.99
0.2 0.4 0.99
0.2 0.5 0.991
0.2 0.6 0.991
0.2 0.7 0.989
0.2 0.8 0.99
0.2 0.9 0.99
0.3 0.1 0.989
0.3 0.2 0.988
0.3 0.3 0.988
0.3 0.4 0.987
0.3 0.5 0.988
0.3 0.6 0.988
0.3 0.7 0.987
0.3 0.8 0.989
0.3 0.9 0.987
0.4 0.1 0.98
0.4 0.2 0.981
0.4 0.3 0.984
0.4 0.4 0.981
0.4 0.5 0.982
0.4 0.6 0.981
0.4 0.7 0.982
0.4 0.8 0.979
0.4 0.9 0.983
0.5 0.1 0.968
0.5 0.2 0.974
0.5 0.3 0.971
0.5 0.4 0.973
0.5 0.5 0.968
0.5 0.6 0.974
0.5 0.7 0.969
0.5 0.8 0.972
0.5 0.9 0.964
0.6 0.1 0.95
0.6 0.2 0.94
0.6 0.3 0.937
0.6 0.4 0.954
0.6 0.5 0.95
0.6 0.6 0.958
0.6 0.7 0.946
0.6 0.8 0.942
0.6 0.9 0.951
0.7 0.1 0.9
0.7 0.2 0.898
0.7 0.3 0.901
0.7 0.4 0.885
0.7 0.5 0.902
0.7 0.6 0.904
0.7 0.7 0.905
0.7 0.8 0.916
0.7 0.9 0.923
0.8 0.1 0.79
0.8 0.2 0.769
0.8 0.3 0.808
0.8 0.4 0.767
0.8 0.5 0.787
0.8 0.6 0.757
0.8 0.7 0.759
0.8 0.8 0.767
0.8 0.9 0.79
0.9 0.1 0.409
0.9 0.2 0.265
0.9 0.3 0.326
0.9 0.4 0.244
0.9 0.5 0.26
0.9 0.6 0.346
0.9 0.7 0.296
0.9 0.8 0.318
0.9 0.9 0.403
